1.246612e+01 1.565729e+02 1.738725e+02 1.833605e+02 
1.129622e+01 2.266039e+01 1.846311e+02 1.559468e+02 
5.788621e+01 1.138284e+02 1.568941e+02 1.996714e+02 
2.231380e+02 1.843314e+01 9.971725e+01 2.478357e+01 
2.579821e+01 1.749962e+02 8.791176e+01 5.489716e+01 
8.919989e+01 8.293837e+01 2.213200e+02 9.415767e+00 
9.656289e+01 6.023967e+01 1.129420e+02 5.864008e+01 
2.579821e+01 1.749962e+02 8.791176e+01 5.489716e+01 
1.182129e+02 1.749976e+02 4.139105e+01 1.859531e+02 
5.211612e+01 1.732617e+02 1.192638e+02 1.545598e+02 
1.021879e+02 1.558008e+02 1.301285e+02 1.836194e+02 
1.081109e+02 1.749982e+02 4.481772e+01 1.744285e+02 
1.189533e+02 1.666633e+02 3.146281e+01 1.749703e+02 
7.441612e+01 1.533444e+02 9.696378e+01 1.768598e+02 
8.998244e+01 1.781008e+02 1.078285e+02 1.991759e+02 
1.327939e+02 1.552384e+02 3.729871e+01 1.843879e+02 
1.304109e+02 1.746064e+02 2.251772e+01 1.902326e+02 
1.336324e+02 1.405806e+02 3.577347e+01 1.409691e+02 
1.355344e+02 1.499955e+02 5.226465e+01 1.817397e+02 
9.671612e+01 1.359559e+02 7.466378e+01 1.991598e+02 
1.113727e+02 1.338172e+02 1.587742e+01 1.629667e+02 
1.585046e+02 1.294155e+02 2.550218e+01 1.857423e+02 
1.619568e+02 1.336166e+02 5.924882e+01 9.782110e+01 
1.436413e+02 1.654521e+02 4.481772e+01 1.869094e+02 
1.544378e+02 1.628806e+02 3.261618e+01 1.632691e+02 
1.163485e+02 1.494265e+02 5.236378e+01 1.768598e+02 
1.226616e+02 1.459373e+02 3.817742e+01 1.852667e+02 
1.431959e+02 1.517155e+02 3.492038e+01 2.062981e+02 
1.327750e+02 1.493955e+02 4.745114e+01 1.768350e+02 
1.586233e+02 1.820361e+02 3.146662e+01 1.855691e+02 
1.242830e+02 1.731969e+02 2.886981e+01 1.930700e+02 
1.386485e+02 1.639162e+02 3.006378e+01 1.865476e+02 
1.056840e+02 1.456459e+02 4.092853e+01 1.934044e+02 
1.449616e+02 1.675691e+02 5.405131e+01 2.075667e+02 
1.646468e+02 1.680115e+02 2.735862e+01 1.879641e+02 
1.167854e+02 1.466696e+02 8.999411e+01 2.026027e+02 
1.309611e+02 1.383710e+02 4.090367e+01 1.742879e+02 
1.287832e+02 1.727105e+02 4.378743e+01 224 
1.389120e+02 1.782166e+02 3.573293e+01 1.424211e+02 
1.104750e+02 1.716955e+02 4.168168e+01 1.991350e+02 
1.163485e+02 1.730671e+02 3.821775e+01 2.088476e+02 
1.357861e+02 1.713687e+02 3.564396e+01 224 
1.153495e+02 1.922792e+02 5.205210e+01 2.059619e+02 
1.166120e+02 1.933219e+02 4.407834e+01 1.647211e+02 
9.269821e+01 1.982870e+02 5.844623e+01 1.778220e+02 
1.032885e+02 1.926393e+02 3.822609e+01 2.214350e+02 
1.298275e+02 1.744570e+02 3.990171e+01 1.821381e+02 
1.282259e+02 1.636956e+02 2.045547e+01 224 
9.609161e+01 1.683730e+02 5.742670e+01 1.947304e+02 
9.913328e+01 1.506389e+02 4.631741e+01 2.167549e+02 
1.417374e+02 1.918251e+02 2.895809e+01 2.168709e+02 
1.248147e+02 1.763521e+02 3.429210e+01 2.066408e+02 
9.420459e+01 8.975014e+01 7.313110e+01 2.050360e+02 
1.492671e+02 1.758189e+02 4.187632e+01 224 
1.269386e+02 1.755707e+02 4.539411e+01 2.017000e+02 
1.334189e+02 1.732216e+02 4.420474e+01 224 
1.375861e+02 1.944792e+02 4.242342e+01 1.870211e+02 
1.149982e+02 1.955177e+02 3.614623e+01 2.001220e+02 
1.255885e+02 1.703393e+02 4.529145e+01 224 
1.257503e+02 1.614154e+02 3.698740e+01 2.082413e+02 
1.325683e+02 1.636869e+02 3.545000e+01 2.017000e+02 
9.537368e+01 1.496483e+02 5.723807e+01 1.925697e+02 
1.214333e+02 1.729389e+02 6.634380e+01 224 
1.301567e+02 1.723070e+02 4.567914e+01 2.194215e+02 
1.165046e+02 1.120501e+02 6.175108e+01 224 
1.274693e+02 1.705472e+02 4.518409e+01 2.017000e+02 
1.142152e+02 1.814522e+02 2.486998e+01 1.985041e+02 
1.282498e+02 1.683187e+02 4.190157e+01 1.965879e+02 
1.362776e+02 1.509216e+02 3.620479e+01 2.017000e+02 
1.455236e+02 1.774171e+02 4.053131e+01 2.093211e+02 
1.073500e+02 1.502208e+02 3.693733e+01 1.996366e+02 
1.114260e+02 1.765241e+02 4.606687e+01 2.038961e+02 
1.199109e+02 1.625910e+02 4.326878e+01 2.141654e+02 
1.123157e+02 1.751185e+02 2.890936e+01 1.942579e+02 
1.176737e+02 1.404478e+02 3.493807e+01 1.790714e+02 
1.323575e+02 1.644900e+02 5.659772e+01 2.017000e+02 
1.074532e+02 1.930565e+02 3.580040e+01 2.035186e+02 
1.398847e+02 1.613691e+02 4.091654e+01 224 
1.388046e+02 1.342644e+02 3.945108e+01 2.017000e+02 
1.078810e+02 1.641730e+02 4.273378e+01 1.794000e+02 
1.297542e+02 1.718981e+02 4.672198e+01 1.958011e+02 
1.274886e+02 1.643669e+02 2.173385e+01 1.764202e+02 
1.240852e+02 1.381971e+02 4.262908e+01 1.794000e+02 
1.321745e+02 1.551171e+02 4.037633e+01 2.186273e+02 
1.296500e+02 1.725208e+02 5.414758e+01 2.142423e+02 
1.290406e+02 1.753878e+02 4.398759e+01 1.943167e+02 
1.337260e+02 1.811116e+02 2.940411e+01 2.078694e+02 
1.242556e+02 1.705532e+02 4.389696e+01 2.056912e+02 
1.212912e+02 1.729856e+02 4.237930e+01 1.952908e+02 
1.286231e+02 1.670152e+02 5.571021e+01 2.017000e+02 
1.383247e+02 1.442537e+02 4.216325e+01 1.906864e+02 
1.393835e+02 1.551453e+02 3.429772e+01 1.794000e+02 
1.297532e+02 1.707565e+02 3.874596e+01 1.947928e+02 
1.428929e+02 1.749707e+02 3.322651e+01 2.017000e+02 
1.552662e+02 1.565644e+02 2.093787e+01 1.794000e+02 
1.301810e+02 1.704593e+02 4.080832e+01 1.918721e+02 
1.287263e+02 1.681491e+02 4.403385e+01 1.987202e+02 
1.184258e+02 1.604971e+02 4.991926e+01 2.017000e+02 
1.156701e+02 1.438255e+02 4.105567e+01 2.027056e+02 
1.325519e+02 1.708999e+02 3.184758e+01 2.061972e+02 
1.347466e+02 1.624511e+02 3.998803e+01 1.937115e+02 
1.063770e+02 1.881988e+02 3.848526e+01 2.144240e+02 
1.425610e+02 1.851270e+02 3.967369e+01 1.695654e+02 
1.290793e+02 1.665736e+02 3.341021e+01 2.152677e+02 
1.448226e+02 1.665537e+02 4.845907e+01 2.059449e+02 
1.275966e+02 1.457817e+02 3.335056e+01 1.956935e+02 
1.483004e+02 1.497729e+02 4.439191e+01 1.902208e+02 
1.267033e+02 1.828149e+02 4.657104e+01 1.872044e+02 
1.329662e+02 1.550196e+02 1.390940e+01 1.982476e+02 
1.462800e+02 1.759304e+02 4.493139e+01 2.141721e+02 
1.212787e+02 1.725092e+02 5.158722e+01 1.976213e+02 
1.290965e+02 1.715372e+02 5.725804e+01 2.161547e+02 
1.215477e+02 1.827971e+02 4.339863e+01 2.208899e+02 
1.290206e+02 1.566597e+02 4.209969e+01 1.909339e+02 
1.330522e+02 1.617837e+02 6.087773e+01 1.994712e+02 
1.309558e+02 1.569032e+02 5.310126e+01 1.868901e+02 
1.286770e+02 1.806479e+02 4.120344e+01 224 
1.294786e+02 1.677031e+02 3.172008e+01 1.962344e+02 
1.374098e+02 1.839735e+02 4.148737e+01 2.148300e+02 
1.052966e+02 1.680817e+02 3.590437e+01 2.179935e+02 
1.169706e+02 1.408427e+02 3.620940e+01 2.185794e+02 
1.396484e+02 1.694767e+02 4.520677e+01 2.222335e+02 
1.048000e+02 1.826330e+02 3.259626e+01 1.993306e+02 
1.285831e+02 1.679691e+02 4.244639e+01 1.942332e+02 
1.402871e+02 1.818185e+02 3.757248e+01 2.044495e+02 
1.438461e+02 1.733025e+02 4.190001e+01 2.132339e+02 
1.310792e+02 1.674453e+02 3.911908e+01 1.863074e+02 
1.308464e+02 1.823878e+02 3.857773e+01 2.113756e+02 
1.234054e+02 1.792032e+02 6.178909e+01 2.005909e+02 
1.478187e+02 1.583479e+02 4.628880e+01 2.017000e+02 
1.213348e+02 1.650271e+02 4.297597e+01 2.091469e+02 
1.149275e+02 1.660094e+02 3.165078e+01 1.945464e+02 
1.277912e+02 1.665240e+02 4.555916e+01 1.858138e+02 
1.278267e+02 1.882303e+02 3.686937e+01 1.925300e+02 
1.383910e+02 1.876211e+02 3.777800e+01 2.082326e+02 
1.319373e+02 1.584579e+02 5.212864e+01 224 
1.285168e+02 1.624668e+02 4.423207e+01 1.999335e+02 
1.271000e+02 1.762167e+02 4.480549e+01 1.948416e+02 
1.274612e+02 1.656633e+02 2.828959e+01 1.786943e+02 
1.238716e+02 1.595185e+02 4.263410e+01 1.977303e+02 
1.326362e+02 1.728059e+02 4.146862e+01 224 
1.333958e+02 1.705342e+02 4.786748e+01 2.032705e+02 
1.257243e+02 1.962320e+02 2.396532e+01 2.098428e+02 
1.158072e+02 1.844010e+02 4.744042e+01 2.130993e+02 
1.255187e+02 1.626457e+02 4.206526e+01 2.093632e+02 
1.154548e+02 1.700961e+02 4.268917e+01 1.952673e+02 
1.306537e+02 1.659303e+02 3.741786e+01 1.756181e+02 
1.052966e+02 1.544085e+02 4.540345e+01 1.906747e+02 
1.160910e+02 1.653211e+02 3.617882e+01 1.859326e+02 
1.405092e+02 1.630026e+02 2.982864e+01 2.017000e+02 
1.423991e+02 1.523385e+02 4.642589e+01 1.777589e+02 
1.171551e+02 1.656792e+02 3.998436e+01 1.776335e+02 
1.277623e+02 1.677554e+02 2.986221e+01 2.009943e+02 
1.191741e+02 1.543584e+02 4.722314e+01 1.919105e+02 
1.156733e+02 1.556641e+02 4.128932e+01 2.017000e+02 
1.349383e+02 1.704233e+02 3.984974e+01 2.091202e+02 
1.269766e+02 1.739320e+02 4.626532e+01 1.916133e+02 
1.123805e+02 1.690200e+02 3.116139e+01 2.118720e+02 
1.065259e+02 1.780654e+02 4.237344e+01 2.093786e+02 
1.314370e+02 1.488973e+02 3.708574e+01 1.685725e+02 
1.316748e+02 1.736862e+02 5.079840e+01 1.964224e+02 
1.310829e+02 1.690757e+02 4.478599e+01 2.011480e+02 
1.275966e+02 1.547095e+02 4.341396e+01 2.008567e+02 
1.071528e+02 1.533784e+02 4.334976e+01 1.761285e+02 
1.430920e+02 1.724400e+02 2.412589e+01 2.000589e+02 
1.162992e+02 1.727163e+02 4.026351e+01 1.682640e+02 
1.481367e+02 1.715549e+02 4.506217e+01 1.982509e+02 
1.284567e+02 1.703233e+02 4.203845e+01 2.153788e+02 
1.414741e+02 1.766584e+02 4.896349e+01 2.099725e+02 
1.376970e+02 1.596313e+02 4.089183e+01 1.794000e+02 
1.279305e+02 1.677491e+02 3.486477e+01 1.945871e+02 
1.294872e+02 1.715103e+02 5.346139e+01 2.045088e+02 
1.031066e+02 1.869172e+02 4.300046e+01 2.036267e+02 
1.348870e+02 1.711973e+02 2.542558e+01 1.908725e+02 
1.420944e+02 1.697892e+02 3.550128e+01 1.960997e+02 
1.363934e+02 1.694044e+02 2.776595e+01 2.026830e+02 
1.293390e+02 1.485282e+02 4.918238e+01 2.137667e+02 
1.470525e+02 1.586224e+02 3.869947e+01 2.051421e+02 
1.294528e+02 1.756784e+02 4.286593e+01 1.954184e+02 
1.162125e+02 1.726317e+02 4.736108e+01 2.044609e+02 
1.207920e+02 1.512440e+02 4.642589e+01 2.180987e+02 
1.376161e+02 1.770103e+02 4.848755e+01 1.905640e+02 
1.258367e+02 1.747889e+02 3.531375e+01 1.981276e+02 
1.288751e+02 1.688020e+02 5.207624e+01 2.109119e+02 
1.473014e+02 1.632270e+02 4.212762e+01 2.003786e+02 
1.243427e+02 1.708306e+02 3.232862e+01 1.994081e+02 
1.300434e+02 1.801089e+02 3.954728e+01 2.070742e+02 
1.254066e+02 1.653153e+02 4.333661e+01 1.916378e+02 
1.392181e+02 1.708282e+02 4.164091e+01 1.914667e+02 
1.263314e+02 1.715293e+02 3.762824e+01 1.926802e+02 
1.458333e+02 1.867206e+02 4.208965e+01 2.129263e+02 
1.313013e+02 1.635717e+02 4.913055e+01 2.222111e+02 
1.180303e+02 1.495593e+02 5.453830e+01 2.172459e+02 
1.310925e+02 1.707975e+02 4.416759e+01 2.128640e+02 
1.120291e+02 1.672223e+02 4.210457e+01 1.927733e+02 
1.282580e+02 1.669505e+02 4.354914e+01 1.975294e+02 
1.316935e+02 1.689792e+02 3.622688e+01 2.036747e+02 
1.314862e+02 1.635330e+02 4.187312e+01 2.141552e+02 
1.295650e+02 1.686964e+02 4.851966e+01 2.059864e+02 
1.283771e+02 1.766654e+02 2.694976e+01 2.178137e+02 
1.181982e+02 1.755967e+02 4.073469e+01 2.007428e+02 
1.473222e+02 1.568577e+02 4.530906e+01 2.139378e+02 
1.256280e+02 1.694191e+02 4.715598e+01 1.827217e+02 
1.368876e+02 1.705299e+02 4.177223e+01 1.968953e+02 
1.232976e+02 1.691150e+02 4.147645e+01 1.979516e+02 
1.429347e+02 1.763511e+02 3.586157e+01 1.819827e+02 
1.116025e+02 1.524483e+02 4.588056e+01 1.873419e+02 
1.330492e+02 1.815490e+02 4.144623e+01 1.906263e+02 
1.413383e+02 1.580849e+02 2.683055e+01 224 
1.403303e+02 1.571712e+02 4.049688e+01 2.095776e+02 
1.181682e+02 1.605527e+02 3.911352e+01 2.018361e+02 
1.205386e+02 1.702039e+02 5.010999e+01 1.916262e+02 
1.277318e+02 1.667599e+02 3.521217e+01 1.843687e+02 
1.093935e+02 1.555883e+02 5.150622e+01 2.180732e+02 
1.179755e+02 1.601217e+02 4.060495e+01 2.220130e+02 
1.349146e+02 1.674039e+02 5.135399e+01 2.101124e+02 
1.278333e+02 1.719119e+02 3.520570e+01 2.070893e+02 
1.038801e+02 1.863610e+02 3.106668e+01 2.007881e+02 
1.250222e+02 1.656730e+02 4.598499e+01 224 
1.332774e+02 1.540511e+02 4.834978e+01 1.934768e+02 
1.217402e+02 1.686309e+02 4.755649e+01 2.073959e+02 
1.108361e+02 1.653146e+02 4.207680e+01 1.766305e+02 
1.482224e+02 1.553090e+02 2.838629e+01 1.872776e+02 
1.247260e+02 1.680145e+02 4.576920e+01 1.874675e+02 
1.373712e+02 1.693663e+02 4.680563e+01 2.006082e+02 
1.285101e+02 1.693414e+02 3.636082e+01 2.066687e+02 
1.176062e+02 1.689177e+02 4.175025e+01 224 
1.402755e+02 1.594394e+02 4.010580e+01 1.997130e+02 
1.253330e+02 1.688869e+02 2.905399e+01 2.034744e+02 
1.261801e+02 1.870609e+02 3.489431e+01 2.048412e+02 
1.135240e+02 1.777422e+02 4.468277e+01 2.017000e+02 
1.413848e+02 1.648650e+02 3.476966e+01 1.958635e+02 
1.303179e+02 1.690438e+02 4.615079e+01 1.969029e+02 
1.246632e+02 1.317511e+02 4.004820e+01 2.008212e+02 
1.398980e+02 1.693227e+02 4.365956e+01 2.019126e+02 
1.331361e+02 1.589804e+02 4.319280e+01 1.989305e+02 
1.282715e+02 1.755813e+02 3.971750e+01 1.977543e+02 
1.336020e+02 1.374698e+02 3.592659e+01 1.845631e+02 
1.313841e+02 1.743680e+02 4.536996e+01 1.834909e+02 
1.382446e+02 1.689881e+02 3.640491e+01 2.008814e+02 
1.286453e+02 1.694530e+02 4.565919e+01 2.090197e+02 
1.399062e+02 1.826275e+02 3.548218e+01 2.017000e+02 
1.400139e+02 1.596127e+02 4.082202e+01 1.989250e+02 
1.275556e+02 1.728559e+02 3.769366e+01 1.915043e+02 
1.310745e+02 1.775490e+02 3.574970e+01 1.991439e+02 
1.365871e+02 1.692433e+02 5.545716e+01 2.068503e+02 
1.358240e+02 1.692330e+02 4.067092e+01 1.810452e+02 
1.242142e+02 1.789755e+02 3.483672e+01 2.073283e+02 
1.196705e+02 1.657550e+02 3.392130e+01 1.968635e+02 
1.248606e+02 1.399401e+02 3.522318e+01 2.037849e+02 
1.418524e+02 1.600137e+02 3.924745e+01 1.876846e+02 
1.387410e+02 1.651732e+02 4.231772e+01 2.137284e+02 
1.212251e+02 1.259943e+02 5.495803e+01 2.068631e+02 
1.332793e+02 1.718863e+02 4.377661e+01 1.864980e+02 
1.159446e+02 1.692417e+02 4.338058e+01 1.871609e+02 
1.280420e+02 1.663938e+02 4.821373e+01 1.867197e+02 
1.371157e+02 1.883862e+02 4.029571e+01 1.919180e+02 
1.369627e+02 1.699877e+02 4.214765e+01 2.125243e+02 
1.296668e+02 1.759592e+02 5.073873e+01 1.876128e+02 
1.218132e+02 1.737719e+02 4.685485e+01 2.012346e+02 
1.351239e+02 1.621738e+02 3.992484e+01 2.033452e+02 
1.198623e+02 1.639571e+02 2.992027e+01 1.905200e+02 
1.304820e+02 1.711297e+02 3.553988e+01 1.962021e+02 
1.258924e+02 1.689615e+02 3.924878e+01 1.974190e+02 
1.322560e+02 1.622401e+02 4.123658e+01 1.814849e+02 
1.195524e+02 1.671676e+02 4.211798e+01 1.792404e+02 
1.372949e+02 1.869628e+02 4.183340e+01 1.914284e+02 
1.173024e+02 1.688010e+02 4.264734e+01 1.909727e+02 
1.278738e+02 1.678821e+02 4.570628e+01 1.812461e+02 
1.236042e+02 1.660862e+02 4.706008e+01 2.142180e+02 
1.186064e+02 1.763047e+02 4.165803e+01 2.095004e+02 
1.280021e+02 1.658458e+02 4.295528e+01 1.994484e+02 
1.289186e+02 1.704756e+02 3.161504e+01 2.145615e+02 
1.160041e+02 1.727289e+02 3.793637e+01 1.903910e+02 
1.230825e+02 1.685855e+02 4.675635e+01 2.227991e+02 
1.230026e+02 1.568785e+02 5.222027e+01 1.840689e+02 
1.371735e+02 1.680098e+02 4.404837e+01 1.958448e+02 
1.283615e+02 1.694364e+02 5.089666e+01 1.978910e+02 
1.349922e+02 1.736982e+02 4.707504e+01 1.857848e+02 
1.237371e+02 1.693409e+02 4.526293e+01 1.851127e+02 
1.178985e+02 1.813116e+02 4.276116e+01 1.876551e+02 
1.278441e+02 1.711639e+02 3.736875e+01 2.004249e+02 
1.285408e+02 1.678563e+02 3.351528e+01 1.950302e+02 
1.207107e+02 1.654059e+02 4.314923e+01 1.974865e+02 
1.336274e+02 1.695645e+02 3.543566e+01 1.977062e+02 
1.281125e+02 1.699784e+02 3.405512e+01 1.922537e+02 
1.172040e+02 1.582812e+02 4.865567e+01 224 
1.173776e+02 1.791998e+02 4.097464e+01 2.057356e+02 
1.268111e+02 1.585856e+02 3.614825e+01 2.067653e+02 
1.218592e+02 1.751107e+02 3.809902e+01 2.126910e+02 
1.193539e+02 1.738148e+02 4.306964e+01 224 
1.402220e+02 1.791785e+02 4.890156e+01 1.901944e+02 
1.322876e+02 1.682009e+02 4.741193e+01 1.965037e+02 
1.280625e+02 1.691448e+02 3.969523e+01 1.968499e+02 
1.402513e+02 1.718850e+02 4.355855e+01 1.954630e+02 
1.305653e+02 1.654247e+02 4.064627e+01 2.074127e+02 
1.204655e+02 1.590116e+02 4.313115e+01 2.091010e+02 
1.280992e+02 1.749231e+02 2.289328e+01 1.975559e+02 
1.267049e+02 1.623464e+02 3.232696e+01 1.954600e+02 
1.281074e+02 1.708092e+02 4.474409e+01 1.876376e+02 
1.354462e+02 1.693664e+02 4.596455e+01 1.961842e+02 
1.286813e+02 1.685300e+02 4.171439e+01 2.104291e+02 
1.168849e+02 1.805812e+02 3.478691e+01 2.017000e+02 
1.396776e+02 1.568998e+02 4.172311e+01 1.928115e+02 
1.286137e+02 1.542468e+02 3.866934e+01 1.844653e+02 
1.289836e+02 1.762157e+02 4.264492e+01 1.846294e+02 
1.338905e+02 1.747242e+02 4.632455e+01 2.159122e+02 
1.249983e+02 1.626999e+02 4.198202e+01 2.017000e+02 
1.347241e+02 1.747201e+02 3.256302e+01 1.964981e+02 
1.340575e+02 1.689543e+02 3.964178e+01 1.968761e+02 
1.280276e+02 1.686740e+02 3.130524e+01 1.957494e+02 
1.423583e+02 1.571243e+02 3.814551e+01 2.039821e+02 
1.319072e+02 1.535133e+02 4.019628e+01 2.140966e+02 
1.314843e+02 1.567554e+02 4.114433e+01 2.041234e+02 
1.285599e+02 1.768495e+02 4.519328e+01 1.935366e+02 
1.365856e+02 1.400464e+02 5.462696e+01 2.045385e+02 
1.296531e+02 1.724229e+02 4.486217e+01 1.930052e+02 
1.228616e+02 1.689756e+02 5.540685e+01 1.935019e+02 
1.279765e+02 1.673354e+02 4.791645e+01 1.881291e+02 
1.381811e+02 1.728331e+02 5.050407e+01 1.958486e+02 
1.493142e+02 1.552368e+02 4.223662e+01 2.122412e+02 
1.292426e+02 1.717113e+02 4.444893e+01 2.067653e+02 
1.285777e+02 1.776684e+02 3.380008e+01 1.993086e+02 
1.406553e+02 1.690915e+02 4.566253e+01 2.029347e+02 
1.361185e+02 1.611888e+02 4.124525e+01 1.956675e+02 
1.203744e+02 1.684668e+02 4.380204e+01 1.811502e+02 
1.351198e+02 1.696882e+02 3.459736e+01 1.964385e+02 
1.282124e+02 1.685265e+02 3.837155e+01 1.956853e+02 
1.200583e+02 1.590426e+02 4.358393e+01 1.915375e+02 
1.263420e+02 1.609027e+02 4.208543e+01 1.917966e+02 
1.374024e+02 1.790554e+02 3.986301e+01 1.869027e+02 
1.418530e+02 1.207352e+02 4.900919e+01 2.081513e+02 
1.235921e+02 1.666564e+02 4.020143e+01 1.948372e+02 
1.224841e+02 1.699160e+02 4.596809e+01 1.925288e+02 
1.385289e+02 1.589576e+02 4.274294e+01 1.964568e+02 
1.270142e+02 1.603390e+02 3.920548e+01 224 
1.267557e+02 1.742201e+02 4.450777e+01 2.138975e+02 
1.282143e+02 1.643665e+02 3.767863e+01 1.971684e+02 
1.313301e+02 1.685434e+02 3.983801e+01 1.893563e+02 
1.347763e+02 1.670253e+02 4.771599e+01 2.179675e+02 
1.313423e+02 1.661348e+02 4.863389e+01 1.771172e+02 
1.289302e+02 1.689141e+02 4.325485e+01 1.962885e+02 
1.281818e+02 1.682191e+02 4.572744e+01 1.972398e+02 
1.221395e+02 1.617481e+02 4.653297e+01 1.829054e+02 
1.253911e+02 1.669279e+02 4.403906e+01 1.870200e+02 
1.173951e+02 1.764370e+02 4.032955e+01 1.901523e+02 
1.280442e+02 1.685631e+02 4.102210e+01 2.019946e+02 
1.267794e+02 1.657893e+02 4.188804e+01 1.984814e+02 
1.269862e+02 1.689266e+02 3.156688e+01 1.973157e+02 
1.278816e+02 1.697606e+02 3.575764e+01 2.039501e+02 
1.162289e+02 1.562415e+02 3.719734e+01 2.097953e+02 
1.200568e+02 1.674039e+02 4.249605e+01 2.017000e+02 
1.267227e+02 1.723072e+02 4.199544e+01 2.051745e+02 
1.208722e+02 1.681259e+02 3.715914e+01 1.854595e+02 
1.146649e+02 1.772274e+02 4.310691e+01 2.145517e+02 
1.337313e+02 1.705657e+02 3.331222e+01 1.848416e+02 
1.232828e+02 1.671671e+02 4.863315e+01 1.967221e+02 
1.282183e+02 1.681336e+02 4.700949e+01 1.978415e+02 
1.444395e+02 1.697426e+02 4.713862e+01 2.049951e+02 
1.309682e+02 1.665383e+02 4.142032e+01 2.093200e+02 
1.184021e+02 1.587000e+02 4.643154e+01 2.066028e+02 
1.280899e+02 1.679014e+02 2.758901e+01 2.004052e+02 
1.304551e+02 1.624038e+02 2.083174e+01 1.877107e+02 
1.303549e+02 1.685903e+02 4.675362e+01 1.901389e+02 
1.305043e+02 1.679934e+02 5.386688e+01 1.932516e+02 
1.289757e+02 1.678762e+02 3.821769e+01 2.096932e+02 
1.198996e+02 1.697302e+02 4.503527e+01 2.219706e+02 
1.273430e+02 1.579669e+02 4.448922e+01 1.957786e+02 
1.275825e+02 1.662485e+02 4.194839e+01 1.891482e+02 
1.285459e+02 1.750791e+02 5.237765e+01 1.924687e+02 
1.198687e+02 1.684970e+02 4.541879e+01 2.039750e+02 
1.153366e+02 1.605908e+02 4.060965e+01 1.922517e+02 
1.223175e+02 1.779165e+02 3.337395e+01 1.989567e+02 
1.257265e+02 1.685209e+02 4.866207e+01 1.967254e+02 
1.282163e+02 1.682686e+02 4.337577e+01 1.967881e+02 
1.330705e+02 1.575542e+02 4.057840e+01 2.053383e+02 
1.359283e+02 1.552847e+02 4.002567e+01 2.005244e+02 
1.283579e+02 1.688316e+02 3.256782e+01 1.966090e+02 
1.277726e+02 1.699641e+02 4.490536e+01 1.828284e+02 
1.277253e+02 1.669526e+02 4.643013e+01 1.953403e+02 
1.421996e+02 1.801233e+02 4.392937e+01 224 
1.361344e+02 1.498809e+02 4.168642e+01 2.180786e+02 
1.272340e+02 1.683786e+02 4.394401e+01 2.114482e+02 
1.285288e+02 1.787689e+02 3.329747e+01 1.929178e+02 
1.408799e+02 1.686547e+02 4.271839e+01 2.050405e+02 
1.376366e+02 1.640665e+02 4.721572e+01 1.946536e+02 
1.305094e+02 1.694528e+02 4.638356e+01 1.965419e+02 
1.282340e+02 1.684282e+02 3.969604e+01 1.956247e+02 
1.431817e+02 1.455796e+02 3.815043e+01 1.864338e+02 
1.204915e+02 1.630362e+02 4.396321e+01 1.871899e+02 
1.288945e+02 1.585713e+02 4.114856e+01 1.843350e+02 
1.280455e+02 1.689601e+02 5.486782e+01 2.013231e+02 
1.245023e+02 1.567778e+02 5.682632e+01 2.119753e+02 
1.229750e+02 1.659975e+02 4.130172e+01 1.819903e+02 
1.167443e+02 1.704273e+02 5.272674e+01 1.997453e+02 
1.280184e+02 1.677939e+02 4.844123e+01 1.852071e+02 
1.422172e+02 1.678629e+02 4.083013e+01 2.017000e+02 
1.231924e+02 1.721809e+02 3.867872e+01 1.957786e+02 
1.269979e+02 1.735950e+02 4.480627e+01 2.004328e+02 
1.285465e+02 1.724755e+02 3.464729e+01 1.910766e+02 
1.496805e+02 1.680606e+02 3.646606e+01 1.827405e+02 
1.318114e+02 1.746272e+02 4.941920e+01 2.169536e+02 
1.271788e+02 1.616356e+02 5.592956e+01 1.849875e+02 
1.277825e+02 1.682646e+02 4.057657e+01 1.967353e+02 
1.282454e+02 1.683133e+02 3.968816e+01 1.954766e+02 
1.208817e+02 1.389545e+02 4.295699e+01 1.828691e+02 
1.302510e+02 1.667380e+02 4.364605e+01 1.877725e+02 
1.239493e+02 1.746754e+02 4.362737e+01 1.821263e+02 
1.295602e+02 1.470465e+02 5.572416e+01 2.207546e+02 
1.200936e+02 1.691995e+02 4.289589e+01 2.042903e+02 
1.193205e+02 1.678116e+02 4.017523e+01 1.948544e+02 
1.289044e+02 1.691526e+02 3.138782e+01 1.991659e+02 
1.274169e+02 1.615741e+02 3.931826e+01 2.092687e+02 
1.308845e+02 1.773809e+02 4.212599e+01 2.035445e+02 
1.272948e+02 1.732428e+02 4.494420e+01 2.021715e+02 
1.280022e+02 1.665199e+02 5.480434e+01 1.904557e+02 
1.294102e+02 1.683729e+02 4.209962e+01 1.705718e+02 
1.228327e+02 1.674963e+02 4.659468e+01 2.140132e+02 
1.337588e+02 1.797703e+02 3.362956e+01 1.833237e+02 
1.258546e+02 1.675559e+02 4.803746e+01 1.965849e+02 
1.282494e+02 1.681804e+02 4.749902e+01 1.973096e+02 
1.179975e+02 1.496853e+02 4.383424e+01 2.051691e+02 
1.341007e+02 1.638410e+02 4.176596e+01 1.938039e+02 
1.309976e+02 1.753149e+02 4.377920e+01 2.044263e+02 
1.281365e+02 1.677756e+02 4.082276e+01 1.961097e+02 
1.443971e+02 1.502982e+02 4.658166e+01 1.984546e+02 
1.207195e+02 1.687952e+02 4.413380e+01 2.016436e+02 
1.346294e+02 1.688060e+02 3.519543e+01 1.900154e+02 
1.288712e+02 1.679474e+02 3.024521e+01 2.033289e+02 
1.179670e+02 1.738066e+02 4.271291e+01 2.013144e+02 
1.318349e+02 1.550809e+02 4.435656e+01 2.127343e+02 
1.284333e+02 1.699531e+02 4.225263e+01 2.088599e+02 
1.161987e+02 1.686146e+02 4.247725e+01 1.928718e+02 
1.228586e+02 1.636573e+02 4.340958e+01 2.050949e+02 
1.262615e+02 1.738411e+02 2.855535e+01 1.816933e+02 
1.250323e+02 1.686905e+02 4.296088e+01 1.965505e+02 
1.282463e+02 1.683306e+02 4.206609e+01 1.980038e+02 
1.402975e+02 1.691708e+02 4.339023e+01 2.125285e+02 
1.312619e+02 1.602330e+02 4.092341e+01 2.121272e+02 
1.321677e+02 1.636217e+02 4.230841e+01 2.097051e+02 
1.284407e+02 1.679051e+02 2.612397e+01 1.953566e+02 
1.497828e+02 1.656743e+02 2.857291e+01 1.821681e+02 
1.310994e+02 1.674039e+02 4.474058e+01 1.793436e+02 
1.209334e+02 1.711532e+02 5.150498e+01 1.975573e+02 
1.278137e+02 1.671525e+02 5.254521e+01 1.978032e+02 
1.336808e+02 1.743776e+02 4.483175e+01 2.093928e+02 
1.313001e+02 1.393128e+02 3.986798e+01 2.001948e+02 
1.289473e+02 1.660947e+02 4.222955e+01 2.089198e+02 
1.286200e+02 1.745290e+02 3.527951e+01 2.049847e+02 
1.384987e+02 1.641868e+02 3.941902e+01 2.151718e+02 
1.318692e+02 1.739248e+02 4.025295e+01 224 
1.274574e+02 1.584057e+02 5.085535e+01 2.039933e+02 
1.319651e+02 1.660015e+02 4.440900e+01 2.104975e+02 
1.293056e+02 1.642809e+02 3.929445e+01 2.044450e+02 
1.357361e+02 1.600564e+02 4.231275e+01 1.902285e+02 
1.246395e+02 1.654595e+02 4.405368e+01 2.086562e+02 
1.249248e+02 1.693036e+02 4.141661e+01 1.971712e+02 
1.289067e+02 1.681076e+02 3.841114e+01 2.176566e+02 
1.282571e+02 1.769436e+02 2.208704e+01 2.044681e+02 
1.290703e+02 1.649377e+02 4.300615e+01 1.686769e+02 
1.153193e+02 1.696831e+02 4.777110e+01 2.181128e+02 
1.287746e+02 1.667777e+02 5.015922e+01 1.964373e+02 
1.400121e+02 1.619129e+02 4.568497e+01 2.231015e+02 
1.298534e+02 1.447422e+02 3.809354e+01 2.163518e+02 
1.293088e+02 1.633805e+02 4.221332e+01 2.089619e+02 
1.298379e+02 1.562286e+02 3.092203e+01 2.129800e+02 
1.385662e+02 1.626896e+02 4.186562e+01 224 
1.339936e+02 1.723566e+02 4.117367e+01 2.017000e+02 
1.306555e+02 1.672001e+02 4.565717e+01 2.025690e+02 
1.280890e+02 1.672070e+02 4.752650e+01 2.158499e+02 
1.284189e+02 1.645992e+02 4.197030e+01 2.039185e+02 
1.251779e+02 1.468428e+02 4.143247e+01 1.889574e+02 
1.279134e+02 1.596048e+02 4.350575e+01 2.059211e+02 
1.213976e+02 1.755008e+02 4.262292e+01 1.884468e+02 
1.282619e+02 1.647903e+02 5.079645e+01 2.184544e+02 
1.237981e+02 1.684962e+02 4.438704e+01 2.066482e+02 
1.243906e+02 1.682276e+02 4.473111e+01 1.909769e+02 
1.344135e+02 1.645684e+02 4.150849e+01 224 
1.295310e+02 1.666437e+02 3.202457e+01 2.095045e+02 
1.311047e+02 1.614539e+02 3.972233e+01 224 
1.286511e+02 1.584485e+02 4.413310e+01 224 
1.292397e+02 1.655242e+02 4.222371e+01 2.089043e+02 
1.294584e+02 1.785286e+02 3.570283e+01 2.085762e+02 
1.220010e+02 1.631943e+02 4.384416e+01 2.042708e+02 
1.263597e+02 1.711569e+02 4.469569e+01 1.970581e+02 
1.302755e+02 1.764186e+02 4.126123e+01 1.917166e+02 
1.222043e+02 1.676033e+02 4.997979e+01 1.957420e+02 
1.287206e+02 1.718403e+02 4.491542e+01 2.087078e+02 
1.240079e+02 1.598924e+02 4.114871e+01 2.112574e+02 
1.317546e+02 1.498537e+02 4.239907e+01 2.058477e+02 
1.340265e+02 1.615581e+02 4.305379e+01 2.107468e+02 
1.278563e+02 1.683384e+02 4.603947e+01 1.961544e+02 
1.407025e+02 1.617677e+02 4.368693e+01 1.850091e+02 
1.245404e+02 1.681859e+02 4.257675e+01 2.132769e+02 
1.374970e+02 1.688350e+02 3.840157e+01 2.076164e+02 
1.277543e+02 1.686161e+02 4.000460e+01 2.026064e+02 
1.225228e+02 1.650365e+02 3.950536e+01 2.078623e+02 
1.279213e+02 1.782920e+02 4.799415e+01 2.017000e+02 
1.283657e+02 1.680496e+02 4.224072e+01 2.088784e+02 
1.282538e+02 1.873985e+02 5.434832e+01 1.862762e+02 
1.415125e+02 1.703088e+02 4.161801e+01 2.008150e+02 
1.231703e+02 1.697037e+02 4.693721e+01 2.122498e+02 
1.286961e+02 1.628492e+02 3.686282e+01 1.722994e+02 
1.222851e+02 1.677988e+02 4.848978e+01 1.839722e+02 
1.291346e+02 1.689918e+02 4.373597e+01 1.987187e+02 
1.463079e+02 1.774231e+02 4.202580e+01 2.211249e+02 
1.255602e+02 1.680486e+02 4.197100e+01 2.016710e+02 
1.388210e+02 1.709168e+02 4.264652e+01 2.089031e+02 
1.286239e+02 1.674923e+02 3.515049e+01 1.945186e+02 
1.561783e+02 1.620349e+02 2.806453e+01 1.705119e+02 
1.251211e+02 1.666827e+02 4.288114e+01 2.106008e+02 
1.320391e+02 1.716679e+02 4.343955e+01 1.911626e+02 
1.277235e+02 1.671169e+02 4.682510e+01 2.002390e+02 
1.293323e+02 1.695301e+02 4.254483e+01 2.116183e+02 
1.293797e+02 1.715927e+02 4.403235e+01 2.006994e+02 
1.291749e+02 1.651596e+02 4.222342e+01 2.088924e+02 
1.284763e+02 1.689379e+02 5.474213e+01 1.873345e+02 
1.308308e+02 1.675092e+02 3.870498e+01 2.231150e+02 
1.328530e+02 1.641506e+02 4.378893e+01 224 
1.279686e+02 1.694725e+02 4.404208e+01 1.945994e+02 
1.343218e+02 1.671233e+02 3.551547e+01 1.990826e+02 
1.289961e+02 1.625825e+02 3.947066e+01 2.118587e+02 
1.296726e+02 1.684922e+02 4.290132e+01 2.020466e+02 
1.240632e+02 1.739143e+02 4.406199e+01 2.022162e+02 
1.355386e+02 1.740617e+02 4.203146e+01 2.056122e+02 
1.292652e+02 1.654557e+02 3.397082e+01 2.041556e+02 
1.338783e+02 1.665868e+02 4.381350e+01 1.928119e+02 
1.265323e+02 1.670152e+02 4.581422e+01 1.963196e+02 
1.255455e+02 1.701031e+02 5.160414e+01 1.828136e+02 
1.289539e+02 1.652305e+02 4.007474e+01 2.071460e+02 
1.327183e+02 1.689790e+02 4.490989e+01 2.218862e+02 
1.299974e+02 1.512850e+02 4.083284e+01 2.217254e+02 
1.293050e+02 1.651689e+02 4.222265e+01 2.089615e+02 
1.298201e+02 1.585839e+02 3.369035e+01 2.067392e+02 
1.225701e+02 1.628506e+02 4.353840e+01 2.175140e+02 
1.326980e+02 1.712989e+02 4.070041e+01 2.017000e+02 
1.276006e+02 1.684323e+02 4.864520e+01 2.168994e+02 
1.239344e+02 1.656839e+02 3.089069e+01 2.116821e+02 
1.286517e+02 1.716120e+02 4.270372e+01 2.142401e+02 
1.172742e+02 1.594233e+02 4.243194e+01 1.899735e+02 
1.294683e+02 1.619117e+02 4.305267e+01 2.011949e+02 
1.204551e+02 1.709716e+02 4.264896e+01 1.994933e+02 
1.296805e+02 1.641131e+02 4.612887e+01 2.107802e+02 
1.392626e+02 1.677992e+02 3.943032e+01 2.151119e+02 
1.273106e+02 1.680195e+02 4.458267e+01 1.849021e+02 
1.271406e+02 1.631668e+02 3.817590e+01 2.051136e+02 
1.296394e+02 1.684270e+02 3.865516e+01 2.092308e+02 
1.258867e+02 1.663996e+02 4.281584e+01 2.122795e+02 
1.293246e+02 1.463298e+02 4.152112e+01 2.125059e+02 
1.286894e+02 1.665801e+02 4.223474e+01 2.089670e+02 
1.293024e+02 1.698325e+02 4.109959e+01 1.940173e+02 
1.231676e+02 1.671961e+02 3.775378e+01 2.140408e+02 
1.245040e+02 1.683454e+02 4.456019e+01 224 
1.283439e+02 1.673484e+02 4.758062e+01 2.156788e+02 
1.200466e+02 1.691556e+02 5.308460e+01 2.102748e+02 
1.281900e+02 1.727944e+02 4.532577e+01 1.970371e+02 
1.391826e+02 1.646823e+02 4.248949e+01 1.956902e+02 
1.304521e+02 1.503222e+02 4.230757e+01 2.125007e+02 
1.166466e+02 1.659083e+02 4.260461e+01 2.104371e+02 
1.284808e+02 1.663828e+02 4.622833e+01 2.078510e+02 
1.355810e+02 1.667503e+02 3.718097e+01 1.928119e+02 
1.289214e+02 1.652942e+02 3.953572e+01 2.072021e+02 
1.214080e+02 1.652760e+02 4.488095e+01 2.195396e+02 
1.275439e+02 1.661974e+02 4.333484e+01 1.917202e+02 
1.218631e+02 1.733830e+02 4.223110e+01 2.159658e+02 
1.272417e+02 1.686298e+02 4.566194e+01 2.060305e+02 
1.288741e+02 1.665757e+02 4.222950e+01 2.089113e+02 
1.289373e+02 1.707295e+02 4.815400e+01 1.999817e+02 
1.321502e+02 1.684671e+02 3.730719e+01 2.058138e+02 
1.198155e+02 1.686848e+02 4.414072e+01 2.104314e+02 
1.293541e+02 1.662609e+02 3.894210e+01 2.047684e+02 
1.319942e+02 1.669048e+02 4.889983e+01 2.052959e+02 
1.286764e+02 1.672527e+02 4.405956e+01 1.875940e+02 
1.384229e+02 1.734491e+02 4.265279e+01 2.158710e+02 
1.283140e+02 1.614972e+02 4.172303e+01 2.191786e+02 
1.389466e+02 1.642535e+02 4.229168e+01 2.155637e+02 
1.273327e+02 1.648798e+02 3.815488e+01 1.963956e+02 
1.274531e+02 1.667540e+02 4.245387e+01 2.080586e+02 
1.245467e+02 1.703996e+02 4.805116e+01 1.972396e+02 
1.288621e+02 1.658718e+02 4.421827e+01 2.126751e+02 
1.316282e+02 1.703871e+02 4.416876e+01 2.124395e+02 
1.275322e+02 1.796318e+02 4.207384e+01 2.155484e+02 
1.290566e+02 1.660417e+02 4.222623e+01 2.088858e+02 
1.290521e+02 1.657661e+02 4.280571e+01 1.969375e+02 
1.317468e+02 1.678258e+02 4.318991e+01 2.064434e+02 
1.253050e+02 1.676315e+02 4.146840e+01 2.041679e+02 
1.296398e+02 1.669435e+02 3.737920e+01 1.957166e+02 
1.328925e+02 1.661896e+02 3.425065e+01 2.021949e+02 
1.289896e+02 1.624981e+02 4.224517e+01 2.098940e+02 
1.251791e+02 1.708712e+02 4.277772e+01 2.177492e+02 
1.278072e+02 1.655510e+02 4.224396e+01 2.081624e+02 
1.276573e+02 1.754027e+02 4.253017e+01 2.060052e+02 
1.296816e+02 1.657931e+02 4.267429e+01 2.073724e+02 
1.422730e+02 1.662268e+02 4.429386e+01 2.076126e+02 
1.238904e+02 1.674894e+02 4.431297e+01 1.869895e+02 
1.254924e+02 1.675550e+02 4.401614e+01 1.869715e+02 
1.291850e+02 1.668303e+02 3.898738e+01 2.136793e+02 
1.303156e+02 1.656452e+02 4.434120e+01 2.215636e+02 
1.287109e+02 1.674013e+02 4.004342e+01 2.149996e+02 
1.290323e+02 1.657535e+02 4.223077e+01 2.089046e+02 
1.294704e+02 1.673477e+02 3.722817e+01 1.941115e+02 
1.258577e+02 1.642522e+02 4.616558e+01 224 
1.292788e+02 1.703145e+02 4.385752e+01 224 
1.278258e+02 1.720962e+02 4.180277e+01 2.180166e+02 
1.168425e+02 1.796401e+02 4.678927e+01 224 
1.271751e+02 1.631915e+02 4.053002e+01 224 
1.171084e+02 1.706624e+02 4.145371e+01 2.192725e+02 
1.274913e+02 1.722670e+02 4.257381e+01 2.141795e+02 
1.204906e+02 1.825521e+02 4.226552e+01 2.195919e+02 
1.282153e+02 1.652327e+02 4.633492e+01 2.131344e+02 
1.472333e+02 1.714333e+02 4.336114e+01 1.880470e+02 
1.279833e+02 1.762822e+02 4.456045e+01 2.092895e+02 
1.273610e+02 1.724899e+02 3.822268e+01 2.092715e+02 
1.259409e+02 1.782666e+02 3.625811e+01 2.137206e+02 
1.242724e+02 1.679734e+02 4.116724e+01 224 
1.287953e+02 1.782462e+02 4.263794e+01 2.203567e+02 
1.269000e+02 1.706123e+02 4.173569e+01 2.151788e+02 
1.262903e+02 1.736724e+02 3.967415e+01 2.164115e+02 
1.235492e+02 1.633207e+02 4.530171e+01 2.042460e+02 
1.290589e+02 1.724579e+02 4.529052e+01 2.046193e+02 
1.266601e+02 1.754074e+02 4.464540e+01 224 
1.322339e+02 1.681602e+02 4.925041e+01 2.017000e+02 
1.286505e+02 1.652218e+02 4.353236e+01 2.017000e+02 
1.218533e+02 1.718606e+02 4.165433e+01 2.179313e+02 
1.273037e+02 1.763649e+02 4.210826e+01 2.225874e+02 
1.281888e+02 1.760255e+02 4.210065e+01 2.143066e+02 
1.279935e+02 1.734889e+02 4.811519e+01 2.203681e+02 
1.249333e+02 1.714986e+02 2.706946e+01 2.103470e+02 
1.305817e+02 1.780513e+02 4.349588e+01 224 
1.276283e+02 1.707130e+02 4.250718e+01 224 
1.271938e+02 1.747230e+02 4.157935e+01 2.141521e+02 
1.302195e+02 1.741856e+02 4.152428e+01 2.174610e+02 
1.278215e+02 1.850876e+02 4.269275e+01 2.196589e+02 
1.283098e+02 1.736463e+02 4.201218e+01 2.145387e+02 
1.290475e+02 1.716828e+02 4.347150e+01 224 
1.272562e+02 1.688097e+02 4.518164e+01 224 
1.291819e+02 1.733164e+02 4.337596e+01 224 
1.274956e+02 1.678485e+02 4.477062e+01 2.090077e+02 
1.367170e+02 1.657869e+02 4.843050e+01 2.033352e+02 
1.303566e+02 1.676899e+02 4.423041e+01 2.198543e+02 
1.387637e+02 1.714510e+02 4.580549e+01 224 
1.280728e+02 1.701524e+02 4.255278e+01 2.226914e+02 
1.343304e+02 1.658029e+02 4.297379e+01 2.239749e+02 
1.292336e+02 1.766082e+02 4.400103e+01 224 
1.404921e+02 1.662585e+02 3.892696e+01 1.964481e+02 
1.308826e+02 1.719652e+02 4.333275e+01 2.095114e+02 
1.306325e+02 1.705625e+02 4.573198e+01 2.140480e+02 
1.302753e+02 1.677927e+02 4.600871e+01 2.197244e+02 
1.323881e+02 1.721359e+02 4.681245e+01 224 
1.300987e+02 1.700585e+02 4.399361e+01 2.226680e+02 
1.306129e+02 1.664586e+02 4.384916e+01 2.179529e+02 
1.307840e+02 1.704297e+02 4.586316e+01 2.185621e+02 
1.304388e+02 1.776310e+02 4.270016e+01 2.099549e+02 
1.292881e+02 1.715279e+02 4.249996e+01 2.099549e+02 
1.285729e+02 1.679708e+02 3.952012e+01 224 
1.219137e+02 1.680398e+02 3.828442e+01 224 
1.282976e+02 1.688929e+02 4.155075e+01 2.219342e+02 
1.244027e+02 1.707178e+02 4.157737e+01 2.115952e+02 
1.292839e+02 1.669175e+02 4.380215e+01 2.229414e+02 
1.234052e+02 1.805102e+02 4.349843e+01 224 
1.297540e+02 1.740298e+02 4.073234e+01 2.197340e+02 
1.530705e+02 1.685235e+02 3.476712e+01 1.741481e+02 
1.248431e+02 1.696074e+02 4.433883e+01 224 
1.280149e+02 1.715813e+02 4.461839e+01 224 
1.278890e+02 1.690820e+02 4.281919e+01 2.177956e+02 
1.217818e+02 1.707684e+02 4.475442e+01 2.189786e+02 
1.285210e+02 1.644491e+02 4.351631e+01 2.231830e+02 
1.304944e+02 1.693171e+02 4.282933e+01 2.130040e+02 
1.288820e+02 1.707356e+02 4.485788e+01 224 
1.298573e+02 1.777624e+02 4.146422e+01 2.117472e+02 
1.289211e+02 1.700978e+02 4.383901e+01 2.154384e+02 
1.289227e+02 1.778548e+02 3.899738e+01 2.051595e+02 
1.159823e+02 1.722030e+02 4.112803e+01 2.017000e+02 
1.284785e+02 1.673167e+02 4.070365e+01 2.220804e+02 
1.246692e+02 1.715271e+02 4.130214e+01 2.185332e+02 
1.286393e+02 1.744103e+02 4.277810e+01 2.162106e+02 
1.226493e+02 1.793005e+02 4.234109e+01 2.132816e+02 
1.289098e+02 1.703077e+02 3.941635e+01 2.178020e+02 
1.307705e+02 1.747581e+02 4.333836e+01 1.964481e+02 
1.326034e+02 1.708771e+02 4.380310e+01 2.077215e+02 
1.267618e+02 1.723153e+02 4.279137e+01 2.147628e+02 
1.262332e+02 1.744715e+02 3.960721e+01 2.237538e+02 
1.204612e+02 1.727762e+02 4.055563e+01 224 
1.283648e+02 1.752699e+02 4.265274e+01 2.231191e+02 
1.282061e+02 1.674192e+02 4.236151e+01 2.101120e+02 
1.279998e+02 1.724079e+02 4.191773e+01 2.205391e+02 
1.298454e+02 1.656691e+02 4.550170e+01 2.238596e+02 
1.291095e+02 1.704799e+02 4.400544e+01 224 
1.281452e+02 1.775278e+02 5.047877e+01 224 
1.382823e+02 1.710509e+02 5.311956e+01 1.942241e+02 
1.296263e+02 1.661296e+02 4.461282e+01 2.121456e+02 
1.285064e+02 1.716160e+02 4.386159e+01 2.233850e+02 
1.286178e+02 1.777191e+02 4.312255e+01 2.111620e+02 
1.322640e+02 1.615421e+02 4.290179e+01 2.120458e+02 
1.295137e+02 1.724246e+02 4.211642e+01 2.235599e+02 
1.197756e+02 1.656289e+02 3.823638e+01 2.136854e+02 
1.281307e+02 1.731053e+02 4.428604e+01 2.232451e+02 
1.279778e+02 1.714724e+02 4.305242e+01 224 
1.288856e+02 1.743948e+02 4.509098e+01 2.136668e+02 
1.334192e+02 1.723945e+02 3.826504e+01 2.191268e+02 
1.284580e+02 1.797626e+02 4.316109e+01 2.199853e+02 
1.278260e+02 1.728631e+02 4.374514e+01 224 
1.293524e+02 1.720762e+02 4.440885e+01 224 
1.295346e+02 1.827124e+02 4.085804e+01 2.195627e+02 
1.292912e+02 1.722737e+02 4.386625e+01 2.175453e+02 
1.287765e+02 1.747144e+02 3.646011e+01 2.076312e+02 
1.285546e+02 1.706906e+02 4.416018e+01 2.165241e+02 
1.290593e+02 1.719487e+02 4.256808e+01 2.054855e+02 
1.312568e+02 1.716952e+02 4.513550e+01 224 
1.272291e+02 1.725569e+02 4.391158e+01 2.214916e+02 
1.309596e+02 1.757432e+02 4.367940e+01 224 
1.299143e+02 1.750053e+02 4.280894e+01 2.222430e+02 
1.420756e+02 1.664260e+02 3.283875e+01 2.124960e+02 
1.256109e+02 1.749354e+02 4.366117e+01 224 
1.290225e+02 1.712670e+02 4.387239e+01 2.144177e+02 
1.293255e+02 1.713335e+02 4.126120e+01 2.122051e+02 
1.295862e+02 1.722834e+02 5.307685e+01 2.178956e+02 
1.295538e+02 1.778155e+02 4.394202e+01 224 
1.295587e+02 1.727387e+02 4.246134e+01 2.017000e+02 
1.296586e+02 1.711311e+02 4.336450e+01 2.213477e+02 
1.297519e+02 1.804083e+02 4.174802e+01 2.192477e+02 
1.291981e+02 1.729217e+02 4.315691e+01 2.140546e+02 
1.290913e+02 1.684330e+02 3.803967e+01 2.022301e+02 
1.227590e+02 1.703920e+02 4.439698e+01 224 
1.286514e+02 1.678813e+02 4.213536e+01 2.175794e+02 
1.258171e+02 1.716934e+02 4.177296e+01 2.217520e+02 
1.267128e+02 1.691142e+02 4.384968e+01 224 
1.274173e+02 1.762467e+02 4.324450e+01 2.056274e+02 
1.295297e+02 1.696887e+02 4.160540e+01 2.219520e+02 
1.435569e+02 1.740645e+02 3.190123e+01 2.123989e+02 
1.331751e+02 1.721254e+02 4.413311e+01 2.144983e+02 
1.295417e+02 1.719297e+02 4.405961e+01 224 
1.271613e+02 1.718062e+02 4.261059e+01 2.191820e+02 
1.258457e+02 1.722508e+02 4.769289e+01 224 
1.292917e+02 1.757042e+02 4.229297e+01 2.178419e+02 
1.295737e+02 1.616767e+02 4.219153e+01 224 
1.282727e+02 1.711835e+02 4.289797e+01 2.227566e+02 
1.292939e+02 1.739470e+02 4.404677e+01 2.175256e+02 
1.290870e+02 1.723542e+02 4.301037e+01 224 
1.282088e+02 1.685226e+02 5.085840e+01 2.199809e+02 
1.335612e+02 1.701025e+02 5.041920e+01 2.017000e+02 
1.288554e+02 1.647962e+02 4.229050e+01 224 
1.229625e+02 1.716795e+02 4.151388e+01 224 
1.316730e+02 1.731369e+02 4.377426e+01 2.137157e+02 
1.284586e+02 1.731404e+02 4.289934e+01 2.070458e+02 
1.294280e+02 1.724763e+02 4.243372e+01 2.197455e+02 
1.430845e+02 1.722149e+02 3.074547e+01 1.900989e+02 
1.331781e+02 1.724275e+02 4.401293e+01 2.178228e+02 
1.287142e+02 1.717917e+02 4.443484e+01 2.167474e+02 
1.275807e+02 1.720051e+02 4.356214e+01 224 
1.243799e+02 1.713292e+02 4.171495e+01 2.176239e+02 
1.285826e+02 1.755409e+02 4.178254e+01 2.176330e+02 
1.279052e+02 1.690575e+02 4.459906e+01 224 
1.277821e+02 1.721249e+02 4.420835e+01 224 
1.297947e+02 1.675761e+02 4.326473e+01 2.082301e+02 
1.291114e+02 1.711814e+02 4.488723e+01 2.042736e+02 
1.276908e+02 1.689230e+02 4.630251e+01 224 
1.312414e+02 1.696553e+02 4.748817e+01 1.989686e+02 
1.292279e+02 1.625874e+02 4.348363e+01 2.017000e+02 
1.370961e+02 1.716109e+02 4.373235e+01 2.205084e+02 
1.322491e+02 1.734187e+02 4.376507e+01 2.182658e+02 
1.301406e+02 1.705505e+02 4.290707e+01 224 
1.292745e+02 1.744106e+02 4.378108e+01 2.204233e+02 
1.400968e+02 1.692979e+02 4.144380e+01 2.123989e+02 
1.295571e+02 1.750327e+02 4.396655e+01 2.184396e+02 
1.281435e+02 1.715407e+02 4.375373e+01 224 
1.277889e+02 1.713506e+02 4.301230e+01 2.153878e+02 
1.300578e+02 1.715927e+02 4.637823e+01 224 
1.283377e+02 1.677466e+02 4.313263e+01 2.239949e+02 
1.294661e+02 1.765416e+02 4.328369e+01 2.201200e+02 
1.306102e+02 1.722906e+02 4.419079e+01 2.221620e+02 
1.292461e+02 1.755765e+02 4.314121e+01 2.173153e+02 
1.290723e+02 1.727808e+02 4.341182e+01 224 
1.278713e+02 1.745746e+02 3.875115e+01 2.116931e+02 
1.254096e+02 1.722316e+02 3.934002e+01 2.212686e+02 
1.288674e+02 1.752972e+02 4.378655e+01 224 
1.422346e+02 1.715759e+02 4.475015e+01 2.205031e+02 
1.321017e+02 1.728507e+02 4.340021e+01 224 
1.280629e+02 1.708671e+02 4.283393e+01 2.038798e+02 
1.296694e+02 1.747632e+02 4.268979e+01 224 
1.434353e+02 1.669189e+02 4.485378e+01 2.134401e+02 
1.259808e+02 1.758788e+02 4.412911e+01 2.138050e+02 
1.290348e+02 1.714770e+02 4.283736e+01 2.174041e+02 
1.282820e+02 1.717286e+02 4.273988e+01 2.227105e+02 
1.259898e+02 1.723604e+02 4.579139e+01 2.153551e+02 
1.296980e+02 1.748554e+02 4.368220e+01 224 
1.295402e+02 1.696835e+02 4.150872e+01 2.194967e+02 
1.308343e+02 1.712950e+02 4.289451e+01 224 
1.292931e+02 1.786658e+02 4.303401e+01 224 
1.292814e+02 1.713119e+02 4.305372e+01 2.109738e+02 
1.297605e+02 1.708477e+02 4.101655e+01 224 
1.273332e+02 1.691371e+02 3.538184e+01 224 
1.289375e+02 1.692659e+02 4.310387e+01 224 
1.199346e+02 1.717092e+02 4.323415e+01 2.219429e+02 
1.276502e+02 1.715548e+02 4.398093e+01 2.143648e+02 
1.282618e+02 1.738886e+02 4.295618e+01 2.020961e+02 
1.289003e+02 1.702182e+02 4.249345e+01 2.153478e+02 
1.427595e+02 1.720001e+02 3.852598e+01 1.911401e+02 
1.249803e+02 1.728750e+02 4.422169e+01 2.222824e+02 
1.280756e+02 1.717692e+02 4.350580e+01 224 
1.282693e+02 1.719753e+02 4.267365e+01 224 
1.291262e+02 1.724581e+02 4.147838e+01 224 
1.114384e+02 1.262754e+02 6.392945e+01 1.497542e+02 
1.281444e+02 1.744956e+02 4.342923e+01 2.162474e+02 
1.286903e+02 1.682422e+02 4.334130e+01 2.153372e+02 
1.274168e+02 1.713864e+02 4.270928e+01 2.226468e+02 
1.298688e+02 1.762250e+02 4.372603e+01 2.030600e+02 
1.292792e+02 1.720826e+02 4.401362e+01 2.215850e+02 
1.295657e+02 1.706667e+02 4.298026e+01 2.113040e+02 
1.285335e+02 1.710840e+02 3.880303e+01 2.041251e+02 
1.291390e+02 1.607502e+02 4.320150e+01 2.111731e+02 
1.086670e+02 1.716893e+02 4.270299e+01 224 
1.264537e+02 1.709689e+02 4.333130e+01 224 
1.296365e+02 1.737302e+02 4.335001e+01 224 
1.294901e+02 1.743891e+02 4.005268e+01 224 
1.418129e+02 1.706311e+02 3.649290e+01 2.083418e+02 
1.307932e+02 1.708021e+02 4.364264e+01 224 
1.294057e+02 1.717909e+02 4.453081e+01 2.201225e+02 
1.289851e+02 1.714142e+02 4.347501e+01 2.197412e+02 
1.291506e+02 1.721881e+02 4.134838e+01 2.188159e+02 
1.251320e+02 1.485754e+02 4.618139e+01 1.690039e+02 
1.291545e+02 1.716124e+02 4.095734e+01 2.205495e+02 
1.284691e+02 1.687823e+02 4.329032e+01 2.108964e+02 
1.305561e+02 1.720258e+02 4.338828e+01 224 
1.300340e+02 1.663612e+02 4.334959e+01 224 
1.292331e+02 1.725029e+02 4.443907e+01 224 
1.273725e+02 1.726321e+02 4.341785e+01 2.124610e+02 
1.278431e+02 1.708443e+02 5.463875e+01 224 
1.290849e+02 1.607666e+02 4.298877e+01 2.036155e+02 
1.299744e+02 1.715633e+02 4.472809e+01 2.220105e+02 
1.263221e+02 1.727822e+02 4.336379e+01 2.139752e+02 
1.286055e+02 1.727283e+02 4.184551e+01 2.052030e+02 
1.298673e+02 1.755712e+02 3.908885e+01 2.121186e+02 
1.288874e+02 1.694812e+02 3.868289e+01 2.042290e+02 
1.312542e+02 1.727824e+02 4.394311e+01 2.171124e+02 
1.284711e+02 1.715803e+02 4.519602e+01 2.231136e+02 
1.268144e+02 1.714457e+02 4.270085e+01 2.186402e+02 
1.291614e+02 1.715533e+02 4.481662e+01 2.164925e+02 
1.384443e+02 1.670519e+02 3.575280e+01 1.913039e+02 
1.295438e+02 1.729143e+02 4.386525e+01 2.239393e+02 
1.296521e+02 1.697271e+02 4.344259e+01 2.239251e+02 
1.292365e+02 1.715847e+02 4.391660e+01 2.218946e+02 
1.291101e+02 1.724787e+02 4.230024e+01 2.057516e+02 
1.291535e+02 1.722099e+02 4.204459e+01 2.183128e+02 
1.291595e+02 1.724709e+02 4.164065e+01 224 
1.262375e+02 1.683363e+02 5.200569e+01 2.017000e+02 
1.289162e+02 1.830666e+02 4.245738e+01 224 
1.392848e+02 1.716979e+02 4.502583e+01 2.228120e+02 
1.314978e+02 1.730509e+02 4.390510e+01 224 
1.279782e+02 1.716123e+02 4.231166e+01 2.208414e+02 
1.290510e+02 1.674396e+02 4.107116e+01 2.108829e+02 
1.252146e+02 1.640882e+02 4.316427e+01 224 
1.287361e+02 1.728612e+02 4.331378e+01 224 
1.278593e+02 1.715980e+02 4.257513e+01 224 
1.291797e+02 1.720162e+02 4.284772e+01 2.214861e+02 
1.289764e+02 1.717269e+02 4.440890e+01 2.217856e+02 
1.389848e+02 1.580696e+02 4.900382e+01 2.027216e+02 
1.283069e+02 1.735346e+02 4.299947e+01 2.229287e+02 
1.288613e+02 1.698161e+02 4.233127e+01 224 
1.283571e+02 1.715658e+02 4.312023e+01 224 
1.304148e+02 1.793384e+02 4.304973e+01 224 
1.292338e+02 1.714501e+02 4.501697e+01 2.191681e+02 
1.293352e+02 1.719030e+02 4.107788e+01 2.088265e+02 
1.263467e+02 1.731672e+02 3.445665e+01 224 
1.289492e+02 1.693701e+02 4.252637e+01 2.088694e+02 
1.249956e+02 1.717352e+02 4.400859e+01 224 
1.270752e+02 1.716994e+02 4.355892e+01 2.131469e+02 
1.298343e+02 1.756123e+02 4.375792e+01 224 
1.294691e+02 1.698881e+02 4.331896e+01 224 
1.475146e+02 1.737200e+02 4.094476e+01 2.017000e+02 
1.231139e+02 1.723276e+02 4.409777e+01 2.167077e+02 
1.294486e+02 1.716122e+02 4.145702e+01 2.224233e+02 
1.292719e+02 1.717307e+02 4.333223e+01 224 
1.290632e+02 1.724809e+02 4.195998e+01 224 
1.166848e+02 1.609509e+02 4.232956e+01 1.804216e+02 
1.292677e+02 1.735301e+02 4.163697e+01 2.161458e+02 
1.288393e+02 1.720373e+02 4.190238e+01 2.017000e+02 
1.288213e+02 1.719048e+02 4.362451e+01 2.223457e+02 
1.289274e+02 1.675518e+02 4.394312e+01 2.017000e+02 
1.292139e+02 1.714925e+02 4.454949e+01 2.196373e+02 
1.288165e+02 1.715333e+02 4.644016e+01 2.154726e+02 
1.272822e+02 1.709590e+02 3.709348e+01 2.185025e+02 
1.290622e+02 1.531118e+02 4.338223e+01 2.220159e+02 
1.222151e+02 1.717342e+02 4.271417e+01 2.232213e+02 
1.260741e+02 1.720481e+02 4.365465e+01 224 
1.274287e+02 1.703769e+02 4.293258e+01 2.068692e+02 
1.296919e+02 1.760153e+02 4.441053e+01 2.095261e+02 
1.384911e+02 1.657486e+02 3.620458e+01 2.040399e+02 
1.302656e+02 1.722494e+02 4.376220e+01 224 
1.288844e+02 1.717113e+02 4.295937e+01 224 
1.291099e+02 1.715676e+02 4.385256e+01 2.223790e+02 
1.292002e+02 1.724294e+02 4.300097e+01 2.218449e+02 
1.217310e+02 1.593411e+02 4.119210e+01 2.027216e+02 
1.295018e+02 1.737240e+02 4.261667e+01 2.228108e+02 
1.289986e+02 1.667762e+02 4.202906e+01 2.074085e+02 
1.294243e+02 1.716494e+02 4.367765e+01 2.225610e+02 
1.284948e+02 1.716416e+02 4.263661e+01 2.161792e+02 
1.292311e+02 1.719476e+02 4.325393e+01 2.202041e+02 
1.278563e+02 1.717918e+02 4.581896e+01 224 
1.300430e+02 1.691567e+02 5.478885e+01 1.962025e+02 
1.290610e+02 1.754118e+02 4.338544e+01 2.138042e+02 
1.315524e+02 1.716960e+02 4.480667e+01 224 
1.314222e+02 1.721897e+02 4.342923e+01 2.153380e+02 
1.289652e+02 1.773655e+02 4.289690e+01 224 
1.292903e+02 1.775002e+02 4.050704e+01 2.135463e+02 
1.327580e+02 1.697606e+02 3.499495e+01 2.016391e+02 
1.315014e+02 1.721389e+02 4.342708e+01 2.164237e+02 
1.276218e+02 1.717072e+02 4.491831e+01 2.225562e+02 
1.290153e+02 1.716978e+02 4.297320e+01 224 
1.291845e+02 1.708289e+02 4.182523e+01 2.209901e+02 
1.305020e+02 1.503587e+02 4.588251e+01 2.057628e+02 
1.281123e+02 1.711247e+02 4.439461e+01 2.203839e+02 
1.290919e+02 1.709097e+02 4.443185e+01 2.139288e+02 
1.292282e+02 1.715762e+02 4.329724e+01 224 
1.298436e+02 1.740471e+02 4.289730e+01 224 
1.291882e+02 1.725119e+02 4.319797e+01 2.191541e+02 
1.282386e+02 1.720282e+02 3.666546e+01 2.073633e+02 
1.290337e+02 1.840899e+02 4.344708e+01 224 
1.294347e+02 1.716912e+02 4.310418e+01 2.230786e+02 
1.247577e+02 1.722292e+02 4.339046e+01 2.181102e+02 
1.290348e+02 1.724776e+02 4.259393e+01 2.024141e+02 
1.287696e+02 1.729678e+02 4.211869e+01 224 
1.463779e+02 1.697486e+02 3.936855e+01 2.140431e+02 
1.281797e+02 1.721109e+02 4.355399e+01 224 
1.286467e+02 1.715261e+02 4.452324e+01 2.236178e+02 
1.292463e+02 1.717916e+02 4.360828e+01 2.222374e+02 
1.289376e+02 1.732525e+02 4.307838e+01 2.235017e+02 
1.261510e+02 1.670699e+02 4.746224e+01 2.018368e+02 
1.286481e+02 1.735798e+02 4.273522e+01 224 
1.290818e+02 1.695906e+02 4.451623e+01 224 
1.289211e+02 1.716902e+02 4.338517e+01 2.228114e+02 
1.310374e+02 1.750473e+02 4.301085e+01 2.044678e+02 
1.290639e+02 1.718637e+02 4.397784e+01 2.174354e+02 
1.289003e+02 1.721332e+02 3.945937e+01 2.058433e+02 
1.260885e+02 1.730717e+02 3.629580e+01 2.225253e+02 
1.290504e+02 1.833080e+02 4.348353e+01 2.062793e+02 
1.270471e+02 1.717043e+02 4.276943e+01 2.237489e+02 
1.302950e+02 1.714873e+02 4.380442e+01 224 
1.281142e+02 1.692154e+02 4.248559e+01 224 
1.299255e+02 1.692029e+02 4.206053e+01 2.113080e+02 
1.357347e+02 1.693715e+02 4.243659e+01 2.199137e+02 
1.276666e+02 1.727650e+02 4.404011e+01 2.184237e+02 
1.291599e+02 1.716370e+02 4.318286e+01 224 
1.292884e+02 1.716063e+02 4.352912e+01 224 
1.289981e+02 1.715948e+02 4.157448e+01 2.196119e+02 
1.293812e+02 1.787656e+02 4.224215e+01 2.122226e+02 
1.290220e+02 1.741406e+02 4.177901e+01 2.166732e+02 
1.290087e+02 1.686659e+02 4.118575e+01 2.017000e+02 
1.290636e+02 1.717352e+02 4.365247e+01 224 
1.281847e+02 1.736050e+02 4.298681e+01 224 
1.292409e+02 1.714298e+02 4.395241e+01 224 
1.283550e+02 1.716861e+02 4.929778e+01 2.237569e+02 
1.250339e+02 1.678449e+02 4.964448e+01 224 
1.290609e+02 1.717162e+02 4.338268e+01 2.146463e+02 
1.275187e+02 1.717195e+02 4.417933e+01 224 
1.257106e+02 1.711541e+02 4.393963e+01 2.197631e+02 
1.292064e+02 1.712537e+02 4.370826e+01 2.122792e+02 
1.292327e+02 1.706553e+02 4.289627e+01 224 
1.381120e+02 1.686901e+02 3.521100e+01 224 
1.262166e+02 1.710999e+02 4.390259e+01 2.193468e+02 
1.277645e+02 1.717110e+02 4.512521e+01 2.235810e+02 
1.289361e+02 1.716037e+02 4.328780e+01 2.229496e+02 
1.291025e+02 1.709748e+02 4.125733e+01 2.195696e+02 
1.296570e+02 1.727754e+02 4.308666e+01 2.169125e+02 
1.286578e+02 1.759068e+02 4.366003e+01 2.195664e+02 
1.289635e+02 1.688237e+02 4.245753e+01 2.220288e+02 
1.291161e+02 1.716833e+02 4.339713e+01 2.230455e+02 
1.267955e+02 1.703971e+02 4.344054e+01 2.122792e+02 
1.292350e+02 1.720477e+02 4.330117e+01 2.132252e+02 
1.274682e+02 1.717480e+02 4.756099e+01 224 
1.294914e+02 1.718403e+02 4.685189e+01 2.017000e+02 
1.290601e+02 1.702751e+02 4.335949e+01 224 
1.258693e+02 1.717006e+02 4.418133e+01 2.235326e+02 
1.244290e+02 1.725473e+02 4.302051e+01 224 
1.294118e+02 1.716085e+02 4.223825e+01 224 
1.289817e+02 1.772595e+02 4.297737e+01 2.118486e+02 
1.323034e+02 1.694504e+02 3.546130e+01 2.180183e+02 
1.292401e+02 1.719031e+02 4.349828e+01 224 
1.288265e+02 1.716785e+02 4.429984e+01 2.238023e+02 
1.289584e+02 1.717176e+02 4.343766e+01 2.235737e+02 
1.291091e+02 1.724271e+02 4.318917e+01 2.212790e+02 
1.296948e+02 1.691521e+02 4.382126e+01 224 
1.286960e+02 1.749138e+02 4.450547e+01 224 
1.290209e+02 1.705780e+02 4.411705e+01 224 
1.289283e+02 1.716547e+02 4.333064e+01 2.235832e+02 
1.285926e+02 1.735672e+02 4.335548e+01 2.139570e+02 
1.290439e+02 1.721770e+02 4.320583e+01 2.132398e+02 
1.295514e+02 1.719032e+02 4.196698e+01 2.194404e+02 
1.262225e+02 1.701385e+02 4.157221e+01 1.901045e+02 
1.290457e+02 1.751157e+02 4.345969e+01 2.049038e+02 
1.271688e+02 1.717021e+02 4.350799e+01 224 
1.306949e+02 1.720377e+02 4.273111e+01 2.202856e+02 
1.293911e+02 1.718341e+02 4.358074e+01 2.171547e+02 
1.296722e+02 1.750364e+02 4.361210e+01 224 
1.237752e+02 1.711710e+02 4.510815e+01 1.957183e+02 
1.307323e+02 1.721870e+02 4.327015e+01 2.207235e+02 
1.285840e+02 1.715699e+02 4.403386e+01 224 
1.295178e+02 1.717645e+02 4.342087e+01 224 
1.290290e+02 1.719872e+02 4.409817e+01 224 
1.286013e+02 1.714437e+02 4.356898e+01 2.131220e+02 
1.291632e+02 1.700595e+02 4.392414e+01 2.158996e+02 
1.290166e+02 1.680507e+02 4.165088e+01 2.017000e+02 
1.290491e+02 1.716993e+02 4.359071e+01 224 
1.295999e+02 1.744699e+02 4.317701e+01 224 
1.293213e+02 1.722708e+02 4.440265e+01 224 
1.287651e+02 1.720886e+02 4.032175e+01 224 
1.293067e+02 1.674989e+02 4.360068e+01 2.124045e+02 
1.290600e+02 1.715380e+02 4.348419e+01 2.045529e+02 
1.313639e+02 1.716956e+02 4.309515e+01 2.237556e+02 
1.309763e+02 1.717698e+02 4.372089e+01 2.224829e+02 
1.292353e+02 1.715731e+02 4.234875e+01 2.228905e+02 
1.294682e+02 1.699066e+02 3.957249e+01 2.111518e+02 
1.296546e+02 1.714936e+02 4.346430e+01 224 
1.288821e+02 1.716061e+02 4.278614e+01 2.237115e+02 
1.289609e+02 1.716452e+02 4.336065e+01 2.236788e+02 
1.290097e+02 1.717110e+02 4.359044e+01 2.224104e+02 
1.290497e+02 1.748241e+02 4.297497e+01 2.187123e+02 
1.290377e+02 1.697946e+02 4.060118e+01 224 
1.290370e+02 1.677710e+02 4.227043e+01 2.097996e+02 
1.291071e+02 1.716965e+02 4.350471e+01 2.233443e+02 
1.275739e+02 1.744157e+02 4.354126e+01 2.126273e+02 
1.293205e+02 1.712553e+02 4.358510e+01 2.073764e+02 
1.274974e+02 1.716010e+02 4.446391e+01 2.146065e+02 
1.280846e+02 1.693953e+02 4.715271e+01 224 
1.290505e+02 1.701397e+02 4.344050e+01 224 
1.295056e+02 1.716856e+02 4.343575e+01 224 
1.254955e+02 1.718196e+02 4.403784e+01 224 
1.238827e+02 1.716956e+02 4.371178e+01 224 
1.253596e+02 1.720708e+02 4.114113e+01 224 
1.515433e+02 1.669945e+02 3.959201e+01 1.957183e+02 
1.209225e+02 1.715052e+02 4.405194e+01 2.206365e+02 
1.279120e+02 1.717810e+02 4.468457e+01 224 
1.291323e+02 1.718793e+02 4.402789e+01 224 
1.233534e+02 1.721547e+02 4.382429e+01 2.234110e+02 
1.258206e+02 1.726456e+02 4.376137e+01 224 
1.258110e+02 1.749819e+02 4.241336e+01 2.166315e+02 
1.265175e+02 1.706136e+02 4.461024e+01 224 
1.273728e+02 1.718270e+02 4.379540e+01 224 
1.263837e+02 1.691234e+02 4.375130e+01 2.172363e+02 
1.290547e+02 1.726025e+02 4.416554e+01 224 
1.235742e+02 1.719943e+02 4.229306e+01 2.175733e+02 
1.259690e+02 1.712941e+02 4.567394e+01 2.017000e+02 
1.224877e+02 1.730234e+02 4.443088e+01 2.017000e+02 
1.258148e+02 1.718843e+02 4.389925e+01 2.237119e+02 
1.227283e+02 1.718447e+02 4.419787e+01 2.217077e+02 
1.241481e+02 1.719056e+02 4.503300e+01 2.215785e+02 
1.293342e+02 1.751835e+02 4.284335e+01 2.088358e+02 
1.292433e+02 1.687151e+02 2.342263e+01 2.180183e+02 
1.281215e+02 1.723589e+02 4.364827e+01 2.215845e+02 
1.248286e+02 1.717153e+02 4.429251e+01 2.237970e+02 
1.271020e+02 1.717638e+02 4.379490e+01 2.238214e+02 
1.258615e+02 1.721638e+02 4.452359e+01 224 
1.241347e+02 1.703418e+02 4.444924e+01 2.202828e+02 
1.256087e+02 1.722283e+02 4.564143e+01 2.188559e+02 
1.261549e+02 1.720453e+02 4.511925e+01 2.056054e+02 
1.233343e+02 1.717424e+02 4.417487e+01 2.236343e+02 
1.246687e+02 1.676347e+02 4.422295e+01 224 
1.263400e+02 1.714511e+02 4.400579e+01 2.063265e+02 
1.282132e+02 1.722560e+02 4.098065e+01 2.220551e+02 
1.243558e+02 1.724732e+02 4.748220e+01 2.140382e+02 
1.255688e+02 1.758821e+02 4.354727e+01 2.052345e+02 
1.235514e+02 1.719373e+02 4.422490e+01 2.235982e+02 
1.280205e+02 1.718087e+02 4.403338e+01 2.229342e+02 
1.260212e+02 1.717448e+02 4.350879e+01 2.231338e+02 
1.314038e+02 1.729825e+02 4.438372e+01 224 
1.363412e+02 1.696064e+02 4.572263e+01 1.957183e+02 
1.297451e+02 1.717290e+02 4.338276e+01 224 
1.246200e+02 1.717286e+02 4.373404e+01 224 
1.251437e+02 1.716944e+02 4.341445e+01 224 
1.299348e+02 1.717197e+02 4.419313e+01 2.232704e+02 
1.273279e+02 1.718964e+02 4.405998e+01 224 
1.296129e+02 1.743925e+02 4.441109e+01 2.228889e+02 
1.252848e+02 1.703505e+02 3.993474e+01 1.984741e+02 
1.310394e+02 1.716473e+02 4.403465e+01 2.239266e+02 
1.254339e+02 1.720065e+02 4.376081e+01 2.128551e+02 
1.274040e+02 1.718817e+02 4.377096e+01 224 
1.254280e+02 1.718412e+02 4.472447e+01 2.227912e+02 
1.257205e+02 1.691215e+02 4.748845e+01 224 
1.310036e+02 1.716823e+02 4.329327e+01 224 
1.263177e+02 1.717807e+02 4.426353e+01 2.235763e+02 
1.250257e+02 1.718008e+02 4.395423e+01 224 
1.250576e+02 1.717260e+02 4.356517e+01 224 
1.202334e+02 1.729002e+02 4.165773e+01 2.123576e+02 
1.419451e+02 1.708272e+02 3.957333e+01 2.057743e+02 
1.294309e+02 1.717445e+02 4.342996e+01 2.211673e+02 
1.257926e+02 1.715793e+02 4.413790e+01 2.238726e+02 
1.277678e+02 1.717560e+02 4.401298e+01 2.238620e+02 
1.221180e+02 1.716531e+02 4.382405e+01 224 
1.278491e+02 1.726485e+02 4.384216e+01 2.217169e+02 
1.251680e+02 1.755064e+02 4.296689e+01 2.178513e+02 
1.267854e+02 1.699518e+02 3.887573e+01 2.207741e+02 
1.325929e+02 1.718429e+02 4.377877e+01 224 
1.268659e+02 1.712536e+02 4.391908e+01 224 
1.284371e+02 1.725769e+02 4.390031e+01 2.105564e+02 
1.241969e+02 1.716206e+02 4.534380e+01 2.236120e+02 
1.262743e+02 1.689552e+02 4.558124e+01 2.179719e+02 
1.239022e+02 1.744789e+02 4.369713e+01 2.017000e+02 
1.245297e+02 1.717942e+02 4.385838e+01 2.239518e+02 
1.241205e+02 1.718053e+02 4.404769e+01 2.224492e+02 
1.229976e+02 1.718338e+02 4.425074e+01 2.230558e+02 
1.296616e+02 1.726005e+02 4.060591e+01 2.238583e+02 
1.251329e+02 1.712121e+02 2.463314e+01 2.129863e+02 
1.214988e+02 1.718926e+02 4.426858e+01 2.222620e+02 
1.277021e+02 1.715380e+02 4.418489e+01 224 
1.278748e+02 1.718154e+02 4.398864e+01 2.238219e+02 
1.269368e+02 1.719496e+02 4.407046e+01 2.234688e+02 
1.254919e+02 1.729276e+02 4.390352e+01 224 
1.279607e+02 1.749917e+02 4.188991e+01 2.221080e+02 
1.291195e+02 1.712865e+02 4.888296e+01 2.150748e+02 
1.198058e+02 1.718776e+02 4.358816e+01 2.238570e+02 
1.271060e+02 1.701401e+02 4.380478e+01 2.158484e+02 
1.268088e+02 1.715066e+02 4.394296e+01 224 
1.256318e+02 1.717075e+02 4.507591e+01 2.239513e+02 
1.253420e+02 1.716089e+02 4.417560e+01 2.235085e+02 
1.269537e+02 1.727649e+02 4.398524e+01 2.101674e+02 
1.255496e+02 1.720016e+02 4.406490e+01 224 
1.269327e+02 1.718514e+02 4.406385e+01 224 
1.243938e+02 1.717906e+02 4.370181e+01 224 
1.337259e+02 1.731213e+02 4.410680e+01 224 
1.451877e+02 1.716883e+02 4.466965e+01 224 
1.259397e+02 1.718412e+02 4.365307e+01 224 
1.284711e+02 1.715399e+02 4.386883e+01 2.238661e+02 
1.255815e+02 1.718432e+02 4.348452e+01 224 
1.303341e+02 1.720618e+02 4.416024e+01 224 
1.256311e+02 1.721853e+02 4.416187e+01 2.228711e+02 
1.272421e+02 1.744048e+02 4.156571e+01 224 
1.232571e+02 1.699684e+02 3.567154e+01 2.150537e+02 
1.218834e+02 1.717968e+02 4.424218e+01 224 
1.237135e+02 1.720247e+02 4.405327e+01 224 
1.256846e+02 1.717160e+02 4.398877e+01 2.138043e+02 
1.262221e+02 1.719499e+02 4.292981e+01 224 
1.250479e+02 1.731315e+02 4.329893e+01 224 
1.297940e+02 1.703489e+02 4.339919e+01 2.224906e+02 
1.256919e+02 1.718196e+02 4.434540e+01 2.239270e+02 
1.265792e+02 1.717980e+02 4.403359e+01 2.225588e+02 
1.249192e+02 1.716638e+02 4.357486e+01 2.229740e+02 
1.233182e+02 1.735341e+02 4.564122e+01 2.176972e+02 
1.267843e+02 1.637987e+02 4.099990e+01 2.017000e+02 
1.281632e+02 1.718125e+02 4.403845e+01 2.227021e+02 
1.271811e+02 1.716485e+02 4.421342e+01 224 
1.265594e+02 1.717168e+02 4.395014e+01 2.237856e+02 
1.239960e+02 1.719433e+02 4.398643e+01 2.232791e+02 
1.268412e+02 1.716703e+02 4.403562e+01 224 
1.247573e+02 1.744058e+02 4.331706e+01 2.162614e+02 
1.271223e+02 1.667971e+02 4.453277e+01 2.141775e+02 
1.297607e+02 1.717036e+02 4.393007e+01 2.239091e+02 
1.252145e+02 1.726567e+02 4.414821e+01 2.192192e+02 
1.296977e+02 1.720585e+02 4.402636e+01 224 
1.250916e+02 1.718247e+02 4.689222e+01 2.239013e+02 
1.259188e+02 1.696561e+02 4.430587e+01 2.217252e+02 
1.242000e+02 1.710583e+02 4.360754e+01 224 
1.248649e+02 1.718696e+02 4.407265e+01 2.238931e+02 
1.234373e+02 1.718342e+02 4.402387e+01 2.234785e+02 
1.248022e+02 1.719450e+02 4.428351e+01 224 
1.236786e+02 1.742437e+02 3.936862e+01 224 
1.351228e+02 1.629054e+02 3.434351e+01 2.056006e+02 
1.241392e+02 1.719105e+02 4.386038e+01 224 
1.263435e+02 1.716937e+02 4.401108e+01 2.238944e+02 
1.260878e+02 1.718564e+02 4.402121e+01 2.238076e+02 
1.289171e+02 1.717664e+02 4.406483e+01 2.238897e+02 
1.254453e+02 1.717786e+02 4.399472e+01 2.228454e+02 
1.290666e+02 1.705986e+02 4.367531e+01 224 
1.287771e+02 1.670667e+02 4.580440e+01 2.193433e+02 
1.260424e+02 1.718852e+02 4.346534e+01 2.239478e+02 
1.251552e+02 1.712712e+02 4.390667e+01 224 
1.296799e+02 1.724009e+02 4.386902e+01 2.126223e+02 
1.247289e+02 1.717589e+02 4.404080e+01 224 
1.259315e+02 1.717986e+02 4.407251e+01 224 
1.282210e+02 1.730385e+02 4.350859e+01 2.197157e+02 
1.237655e+02 1.718239e+02 4.399619e+01 224 
1.254536e+02 1.718411e+02 4.403957e+01 224 
1.248410e+02 1.715643e+02 4.433753e+01 2.234706e+02 
1.276261e+02 1.699745e+02 3.923724e+01 2.151707e+02 
1.388867e+02 1.777061e+02 3.297166e+01 224 
1.260084e+02 1.718286e+02 4.359950e+01 2.230162e+02 
1.269951e+02 1.716322e+02 4.396920e+01 224 
1.277962e+02 1.718232e+02 4.337572e+01 224 
1.308205e+02 1.717805e+02 4.408835e+01 224 
1.261718e+02 1.720807e+02 4.402020e+01 224 
1.282433e+02 1.761115e+02 4.326343e+01 2.191323e+02 
1.246809e+02 1.694943e+02 4.633179e+01 2.167290e+02 
1.241306e+02 1.717544e+02 4.405213e+01 224 
1.233367e+02 1.715985e+02 4.406162e+01 2.192437e+02 
1.244849e+02 1.713966e+02 4.404767e+01 2.127583e+02 
1.269134e+02 1.717822e+02 4.332138e+01 2.239070e+02 
1.252456e+02 1.728347e+02 4.390087e+01 2.225961e+02 
1.293493e+02 1.745603e+02 4.366537e+01 2.133380e+02 
1.247445e+02 1.719288e+02 4.421298e+01 2.236086e+02 
1.264483e+02 1.717978e+02 4.404437e+01 2.233602e+02 
1.241200e+02 1.714797e+02 4.349257e+01 224 
1.280736e+02 1.754824e+02 4.558508e+01 224 
1.225218e+02 1.689470e+02 3.430291e+01 2.017000e+02 
1.310772e+02 1.718774e+02 4.345545e+01 224 
1.263308e+02 1.717801e+02 4.411266e+01 2.239456e+02 
1.281893e+02 1.717186e+02 4.333222e+01 2.237627e+02 
1.308152e+02 1.720583e+02 4.406180e+01 2.238625e+02 
1.257456e+02 1.718613e+02 4.404475e+01 2.225466e+02 
1.249905e+02 1.699488e+02 4.348667e+01 224 
1.265776e+02 1.748441e+02 3.930848e+01 2.201244e+02 
1.293771e+02 1.717696e+02 4.354770e+01 2.239393e+02 
1.234717e+02 1.727399e+02 4.412173e+01 224 
1.252752e+02 1.717162e+02 4.408991e+01 224 
1.258171e+02 1.718281e+02 4.426095e+01 2.239310e+02 
1.254557e+02 1.714266e+02 4.411053e+01 224 
1.237982e+02 1.736914e+02 4.407204e+01 2.239154e+02 
1.251762e+02 1.718187e+02 4.407739e+01 2.236040e+02 
1.261001e+02 1.718177e+02 4.403579e+01 2.238351e+02 
1.263693e+02 1.718923e+02 4.360420e+01 2.235010e+02 
1.268223e+02 1.707141e+02 4.421874e+01 2.166535e+02 
1.339801e+02 1.679238e+02 3.885061e+01 2.077478e+02 
1.306025e+02 1.718310e+02 4.354550e+01 2.233442e+02 
1.262473e+02 1.717692e+02 4.404670e+01 224 
1.279639e+02 1.718036e+02 4.422171e+01 2.237252e+02 
1.190148e+02 1.718129e+02 4.404600e+01 2.238929e+02 
1.252583e+02 1.718072e+02 4.404788e+01 2.234239e+02 
1.259247e+02 1.686655e+02 4.381998e+01 2.162585e+02 
1.273312e+02 1.656377e+02 3.891734e+01 2.062568e+02 
1.301993e+02 1.717449e+02 4.340678e+01 224 
1.277916e+02 1.715732e+02 4.411812e+01 2.214876e+02 
1.298730e+02 1.721978e+02 4.392742e+01 2.061320e+02 
1.251286e+02 1.718305e+02 4.387940e+01 2.239666e+02 
1.259234e+02 1.716059e+02 4.412992e+01 2.231716e+02 
1.263993e+02 1.727703e+02 4.328689e+01 2.230708e+02 
1.243852e+02 1.717976e+02 4.408259e+01 2.236495e+02 
1.249467e+02 1.718304e+02 4.403530e+01 224 
1.256542e+02 1.719999e+02 4.461594e+01 2.237481e+02 
1.257652e+02 1.743686e+02 4.249633e+01 2.189050e+02 
1.445565e+02 1.720379e+02 3.980044e+01 2.096714e+02 
1.236306e+02 1.719100e+02 4.414646e+01 2.235721e+02 
1.291170e+02 1.717744e+02 4.398528e+01 2.239713e+02 
1.240243e+02 1.718053e+02 4.432449e+01 2.239611e+02 
1.243726e+02 1.717909e+02 4.409715e+01 224 
1.256314e+02 1.719144e+02 4.403923e+01 224 
1.289764e+02 1.772933e+02 4.233412e+01 2.179331e+02 
1.277820e+02 1.626878e+02 4.505924e+01 2.051341e+02 
1.211821e+02 1.718575e+02 4.422263e+01 2.239705e+02 
1.266620e+02 1.716815e+02 4.397447e+01 224 
1.252795e+02 1.723323e+02 4.387450e+01 224 
1.274282e+02 1.717917e+02 4.362947e+01 224 
1.256573e+02 1.720280e+02 4.393948e+01 224 
1.289560e+02 1.728453e+02 4.358650e+01 2.214848e+02 
1.248875e+02 1.719315e+02 4.423007e+01 2.239947e+02 
1.253702e+02 1.718348e+02 4.404159e+01 2.236473e+02 
1.227175e+02 1.719163e+02 4.413309e+01 224 
1.258700e+02 1.723495e+02 4.088003e+01 224 
1.533424e+02 1.704983e+02 3.343795e+01 2.079296e+02 
1.304748e+02 1.719266e+02 4.355978e+01 224 
1.283847e+02 1.716930e+02 4.403287e+01 224 
1.284605e+02 1.717571e+02 4.323391e+01 224 
1.356746e+02 1.720384e+02 4.406472e+01 2.239218e+02 
1.261845e+02 1.719425e+02 4.401436e+01 2.234153e+02 
1.262610e+02 1.791837e+02 4.319517e+01 2.225098e+02 
1.237604e+02 1.779969e+02 4.559564e+01 224 
1.274580e+02 1.716188e+02 4.323167e+01 2.239771e+02 
1.228395e+02 1.722724e+02 4.399787e+01 2.222763e+02 
1.252627e+02 1.713995e+02 4.411063e+01 2.106181e+02 
1.274868e+02 1.718214e+02 4.378385e+01 2.239389e+02 
1.255751e+02 1.718468e+02 4.414519e+01 2.233897e+02 
1.250859e+02 1.709877e+02 4.434464e+01 224 
1.242511e+02 1.718987e+02 4.400530e+01 2.235930e+02 
1.258524e+02 1.718165e+02 4.403423e+01 2.239331e+02 
1.250030e+02 1.714542e+02 4.332884e+01 2.237820e+02 
1.258884e+02 1.719163e+02 4.247966e+01 2.176026e+02 
1.310424e+02 1.676789e+02 4.008135e+01 2.153869e+02 
1.295562e+02 1.717935e+02 4.337903e+01 2.237250e+02 
1.264400e+02 1.718092e+02 4.406380e+01 2.239834e+02 
1.250424e+02 1.717672e+02 4.311864e+01 2.239082e+02 
1.231658e+02 1.718112e+02 4.405081e+01 2.239737e+02 
1.257994e+02 1.719747e+02 4.403697e+01 2.235069e+02 
1.262027e+02 1.652584e+02 4.443225e+01 2.227967e+02 
1.277398e+02 1.758249e+02 3.912594e+01 2.140582e+02 
1.276148e+02 1.716992e+02 4.369646e+01 224 
1.250656e+02 1.719885e+02 4.408938e+01 2.234984e+02 
1.265570e+02 1.719714e+02 4.416065e+01 2.160474e+02 
1.263173e+02 1.718321e+02 4.377170e+01 224 
1.259256e+02 1.716866e+02 4.412795e+01 224 
1.289699e+02 1.733130e+02 4.397345e+01 2.194484e+02 
1.250152e+02 1.717952e+02 4.418010e+01 2.236603e+02 
1.251657e+02 1.718150e+02 4.403552e+01 224 
1.258790e+02 1.718222e+02 4.429998e+01 224 
1.296741e+02 1.746543e+02 4.467783e+01 224 
